<Viewbox xmlns="http://schemas.microsoft.com/winfx/2006/xaml/presentation" Stretch="Uniform">
  <Canvas Name="svg3362" Width="80.626801" Height="79.4475">
    <Canvas.RenderTransform>
      <TranslateTransform X="0" Y="0"/>
    </Canvas.RenderTransform>
    <Canvas.Resources/>
    <!--Unknown tag: sodipodi:namedview-->
    <!--Unknown tag: metadata-->
    <Canvas Name="layer1">
      <Canvas.RenderTransform>
        <TranslateTransform X="-336.82946" Y="-472.63845"/>
      </Canvas.RenderTransform>
      <Canvas Name="g3338">
        <Canvas.RenderTransform>
          <TranslateTransform X="325.05226" Y="460.20545"/>
        </Canvas.RenderTransform>
        <Path xmlns:x="http://schemas.microsoft.com/winfx/2006/xaml" Name="path3340" Fill="#FF000000">
          <Path.Data>
            <PathGeometry Figures="m 23.4149 24.9522 -0.3469 -0.2383 -0.4502 0.6502 0 -8.8355 c 0 -1.7568 -1.4275 -3.181 -3.1885 -3.181 l -4.4637 0 c -1.761 0 -3.1884 1.4242 -3.1884 3.181 l 0 26.0849 c 0 1.7569 1.4274 3.1811 3.1884 3.1811 l 26.1449 0 c 1.7609 0 3.1884 -1.4242 3.1884 -3.1811 l 0 -4.4535 c 0 -1.7569 -1.4275 -3.1811 -3.1884 -3.1811 l -9.6226 0 c 2.3774 -2.7439 5.5823 -5.3294 8.148 -6.6405 1.2753 -0.6362 2.5507 -1.2724 3.7463 -1.6701 1.1957 -0.4771 2.4711 -0.7952 3.7464 -1.0338 1.5942 -0.3181 3.6667 -0.4772 5.3406 -0.4772 14.8261 0 27.2609 12.2472 27.2609 27.2778 0 0.2386 -0.1594 2.6244 -0.3189 3.8968 -0.7174 4.6126 -2.6304 9.6228 -6.6956 14.3944 -2.9493 3.4197 -8.8478 7.396 -14.2681 8.4299 -3.6667 0.7157 -5.5 3.5787 -5.5 6.3621 0 3.3402 2.5507 6.3622 6.2971 6.3622 1.4347 0 3.9855 -0.7953 5.2608 -1.1929 5.8189 -1.8291 11.7174 -4.9307 17.3768 -11.0543 4.9421 -5.4078 7.5725 -10.9747 9.087 -16.4621 0.7174 -2.5448 1.1159 -5.4873 1.4348 -8.0322 l 0 -5.2488 c 0 -2.7834 -1.4348 -8.5889 -2.2319 -10.6566 C 83.0779 19.9881 66.4185 12.433 52.4692 12.433 c -2.6304 0 -5.3406 0.1591 -7.8116 0.7158 -1.913 0.3976 -3.8261 0.9543 -5.7391 1.5905 -5.0962 1.8063 -10.6438 5.1308 -15.5036 10.2129 z" FillRule="NonZero"/>
          </Path.Data>
        </Path>
      </Canvas>
    </Canvas>
  </Canvas>
</Viewbox>
